400.000
401.000
402.000
403.000
404.000
405.000
406.000
407.000
408.000
409.000
410.000
411.000
412.000
413.000
414.000
415.000
416.000
417.000
418.000
419.000
420.000
421.000
422.000
423.000
424.000
425.000
426.000
427.000
428.000
429.000
430.000
431.000
432.000
433.000
434.000
435.000
436.000
437.000
438.000
439.000
440.000
441.000
526.000
527.000
528.000
529.000
530.000
531.000
532.000
533.000
534.000
535.000
536.000
537.000
538.000
539.000
540.000
541.000
542.000
543.000
544.000
545.000
546.000
652.000
653.000
654.000
655.000
656.000
657.000
658.000
659.000
660.000
661.000
662.000
663.000
664.000
665.000
666.000
667.000
668.000
669.000
670.000
671.000
672.000
778.000
779.000
780.000
781.000
782.000
783.000
784.000
785.000
786.000
787.000
788.000
789.000
790.000
791.000
792.000
793.000
794.000
795.000
796.000
797.000
798.000
946.000
947.000
948.000
949.000
950.000
951.000
952.000
953.000
954.000
955.000
956.000
957.000
958.000
959.000
960.000
961.000
962.000
963.000
964.000
965.000
966.000
988.000
989.000
990.000
991.000
992.000
993.000
994.000
995.000
996.000
997.000
998.000
999.000
1000.000
1001.000
1002.000
1003.000
1004.000
1005.000
1006.000
1007.000
1008.000
1009.000
1010.000
1011.000
1012.000
1013.000
1014.000
1015.000
1016.000
1017.000
1018.000
1019.000
1020.000
1021.000
1022.000
1023.000
1024.000
1025.000
1026.000
1027.000
1028.000
1029.000
1072.000
1073.000
1074.000
1075.000
1076.000
1077.000
1078.000
1079.000
1080.000
1081.000
1082.000
1083.000
1084.000
1085.000
1086.000
1087.000
1088.000
1089.000
1090.000
1091.000
1092.000
1177.000
1178.000
1179.000
1180.000
1181.000
1182.000
1183.000
1184.000
1185.000
1186.000
1187.000
1188.000
1189.000
1190.000
1191.000
1192.000
1193.000
1194.000
1195.000
1196.000
1197.000
1219.000
1220.000
1221.000
1222.000
1223.000
1224.000
1225.000
1226.000
1227.000
1228.000
1229.000
1230.000
1231.000
1232.000
1233.000
1234.000
1235.000
1236.000
1237.000
1238.000
1239.000
1261.000
1262.000
1263.000
1264.000
1265.000
1266.000
1267.000
1268.000
1269.000
1270.000
1271.000
1272.000
1273.000
1274.000
1275.000
1276.000
1277.000
1278.000
1279.000
1280.000
1281.000
1345.000
1346.000
1347.000
1348.000
1349.000
1350.000
1351.000
1352.000
1353.000
1354.000
1355.000
1356.000
1357.000
1358.000
1359.000
1360.000
1361.000
1362.000
1363.000
1364.000
1365.000
1408.000
1409.000
1410.000
1411.000
1412.000
1413.000
1414.000
1415.000
1416.000
1417.000
1418.000
1419.000
1420.000
1421.000
1422.000
1423.000
1424.000
1425.000
1426.000
1427.000
1428.000
1450.000
1451.000
1452.000
1453.000
1454.000
1455.000
1456.000
1457.000
1458.000
1459.000
1460.000
1461.000
1462.000
1463.000
1464.000
1465.000
1466.000
1467.000
1468.000
1469.000
1470.000
1597.000
1598.000
1599.000
1600.000
1601.000
1602.000
1603.000
1604.000
1605.000
1606.000
1607.000
1608.000
1609.000
1610.000
1611.000
1612.000
1613.000
1614.000
1615.000
1616.000
1617.000
1639.000
1640.000
1641.000
1642.000
1643.000
1644.000
1645.000
1646.000
1647.000
1648.000
1649.000
1650.000
1651.000
1652.000
1653.000
1654.000
1655.000
1656.000
1657.000
1658.000
1659.000
1660.000
1661.000
1662.000
1663.000
1664.000
1665.000
1666.000
1667.000
1668.000
1669.000
1670.000
1671.000
1672.000
1673.000
1674.000
1675.000
1676.000
1677.000
1678.000
1679.000
1680.000
1849.000
1850.000
1851.000
1852.000
1853.000
1854.000
1855.000
1856.000
1857.000
1858.000
1859.000
1860.000
1861.000
1862.000
1863.000
1864.000
1865.000
1866.000
1867.000
1868.000
1869.000
1870.000
1871.000
1872.000
1873.000
1874.000
1875.000
1876.000
1877.000
1878.000
1879.000
1880.000
1881.000
1882.000
1883.000
1884.000
1885.000
1886.000
1887.000
1888.000
1889.000
1890.000
1954.000
1955.000
1956.000
1957.000
1958.000
1959.000
1960.000
1961.000
1962.000
1963.000
1964.000
1965.000
1966.000
1967.000
1968.000
1969.000
1970.000
1971.000
1972.000
1973.000
1974.000
2080.000
2081.000
2082.000
2083.000
2084.000
2085.000
2086.000
2087.000
2088.000
2089.000
2090.000
2091.000
2092.000
2093.000
2094.000
2095.000
2096.000
2097.000
2098.000
2099.000
2100.000
2206.000
2207.000
2208.000
2209.000
2210.000
2211.000
2212.000
2213.000
2214.000
2215.000
2216.000
2217.000
2218.000
2219.000
2220.000
2221.000
2222.000
2223.000
2224.000
2225.000
2226.000
2248.000
2249.000
2250.000
2251.000
2252.000
2253.000
2254.000
2255.000
2256.000
2257.000
2258.000
2259.000
2260.000
2261.000
2262.000
2263.000
2264.000
2265.000
2266.000
2267.000
2268.000
2353.000
2354.000
2355.000
2356.000
2357.000
2358.000
2359.000
2360.000
2361.000
2362.000
2363.000
2364.000
2365.000
2366.000
2367.000
2368.000
2369.000
2370.000
2371.000
2372.000
2373.000
2437.000
2438.000
2439.000
2440.000
2441.000
2442.000
2443.000
2444.000
2445.000
2446.000
2447.000
2448.000
2449.000
2450.000
2451.000
2452.000
2453.000
2454.000
2455.000
2456.000
2457.000
